8.06097867109989
8.11152405996064
8.09372904491566
8.06901907467735
8.0611882812414
8.07890124890466
8.05512288613982
8.04889024848141
8.05089345626738
8.10211227377893
8.05548021128054
8.03946294828676
8.0712505625895
8.0328666025865
8.11155818923212
8.05210190081565
8.03973576592954
8.07567215440253
8.10616129603965
8.09344219046824
8.02004989786816
8.09626782333586
8.103317159865
8.09637191239672
8.03175859758384
8.07641499000974
8.09616848481212
8.12743894216727
8.09840570881279
8.10380394634449
8.06018275027688
8.08249217727973
8.12341308193583
8.04782743325866
8.09800720673659
8.05854638120029
8.06087831062716
8.11884799742421
8.10844496298813
8.12528168955298
8.10024961494787
8.06713541675464
8.10005884222392
8.0882016533139
8.08134050771029
8.0433565245358
8.10457246586524
8.10491150201438
8.09339039863242
8.03139986183592
8.06412290134402
8.10139091463468
8.06617400534372
8.12857308880208
8.03648982718383
8.09359199692386
8.05304410091332
8.07974233813799
8.10292534245813
8.10360035476321
8.05447830743982
8.11969675263225
8.08434721444282
8.06246530803014
8.10706050891358
8.08480061285992
8.08367476396296
8.03803109583742
8.06716589690832
8.07260618227499
8.0511957840805
8.11301240950037
8.11951460825382
8.11742453251978
8.08811596539537
8.05010410232022
8.0496520982595
8.08956640756671
8.1296476158913
8.09393153218839
8.10136018460271
8.1041557980545
8.10325128623039
8.10109701641538
8.03531415206284
8.12731833527052
8.08465710848434
8.09048651670657
8.1119073216924
8.06381813071004
8.03635647825002
8.13883486577553
8.07749538138556
8.08479558568877
8.11189274441211
8.10509093074469
8.08853314968072
8.07297310700705
8.10890004975448
8.13987198493952
