6.9771799930877
6.99536651221077
6.97797526253603
6.97316735045307
6.99309194480472
6.98017396210005
6.96267322829457
6.97417523735902
6.99217122844817
6.98063096018908
6.97384509405736
6.97916581065272
7.00244689794067
6.9634664267374
7.00804858814038
6.98156299140427
6.98217158108941
6.96903744557913
6.97782330566038
6.96968195176127
6.99410409419863
6.97056983162803
6.96956616949197
6.96904517134854
7.00589441555221
6.95859169982819
7.00630705747196
6.9838536570174
6.98067366503258
6.9555013092853
7.00605466439501
6.97277967086587
6.97900944481301
6.99112827637136
6.98034833771998
6.97626124537182
6.99365418557891
6.98186926278626
6.97397429999051
6.99516522838889
6.98421009696907
6.99684440337
7.00388119529849
6.97507523683274
6.99883061468915
6.99933484043015
7.00070154508439
6.97684085300921
6.96440966570838
6.96511744396322
6.98106977330307
6.98801483721156
6.99042706856017
6.98239048650581
6.98018625176209
7.00029254043954
6.98215248771556
6.96791071323652
6.9903231375303
6.98508548706741
6.98424880113182
6.98681540054328
6.98436766343
6.97009132362892
6.99183680893966
6.97211124610604
6.96580614087362
7.01441512102698
6.97812031154025
6.98610504661564
6.98413810411949
6.99086901977277
7.00275084117632
6.99152007147914
6.9716902323498
6.97946588316095
7.00864516950449
6.99889337276853
6.96270999997149
6.9796175537933
6.99886379713302
6.98153564680561
6.9982905462918
6.96415115016012
6.99900028037674
6.98886695869564
6.98318674826937
6.98436610933472
6.99231528503683
6.96972822827713
6.99537753962938
6.9778319074384
6.97274408795183
6.98541304418685
6.99484767693579
6.97792172446873
6.96905508634454
6.96098984602135
6.97265451138876
6.97545137460665
