8.74280197561606
8.68921571388148
8.75029144053318
8.70873334500956
8.72499530249131
8.69574623540368
8.69305987496825
8.74779222758101
8.7574404803179
8.73576288164652
8.77903985953745
8.73952905896689
8.67031593013199
8.77345980161484
8.77313246912678
8.71449817045141
8.75897175686478
8.76375824449618
8.77109888517479
8.76665495137521
8.76280812839788
8.71376656132613
8.69182045915726
8.80365744278998
8.72454078180597
8.74561510535005
8.75430217854796
8.76385366541557
8.78659996309284
8.74781193224589
8.77405717078164
8.78471502059097
8.78763016841015
8.7712333548719
8.73563499094685
8.75405550553438
8.76675642063737
8.72444418043778
8.77564620089853
8.75840372868039
8.75011164894622
8.68535739649363
8.77871717123332
8.79291370160741
8.72622125945958
8.71427242051619
8.71258974794502
8.7327323258646
8.7257664040835
8.71696049537246
8.7416564773604
8.76882993359241
8.71857406668754
8.70642455059193
8.69906195045383
8.74449725391934
8.76073139562705
8.81308204575504
8.8014509401991
8.7163365993673
8.73736335142767
8.74714890048345
8.74906498095456
8.77244437638966
8.75971194668641
8.65563209225338
8.77275766940667
8.74790600396466
8.7779440139107
8.79323060286951
8.74783450468822
8.7587034079521
8.7666801742663
8.75458819185771
8.78934960986914
8.72397663097754
8.73671791272167
8.76657403492148
8.72503477895938
8.71198853920806
8.69006111888899
8.73002221921453
8.77583978746796
8.72292865964136
8.74166822374375
8.72530773039604
8.77835295785331
8.77069504799813
8.80504717220235
8.75721053984025
8.74267998876058
8.67580309620078
8.69699826782462
8.76368455168307
8.80502484881847
8.76592855678557
8.73450602925162
8.75229015219877
8.7266611015909
8.7485292170016
