9.10806350773909
9.1241565449282
9.08510360431044
9.14083947027335
9.08407081204751
9.0981502194579
9.08208116188065
9.20094455783989
9.13395093864331
9.07394861594247
9.10180458130211
9.16069730986637
9.09749695468837
9.14963886361428
9.14793908002198
9.11655615445441
9.12897944358845
8.99063277118521
9.03796696124102
9.12870702453025
9.09899174089087
9.07272716722503
9.04544860822076
9.05964118796647
9.13592199293686
9.10569061231726
9.14623667615027
9.09041583483115
9.12887872630167
9.18589758151708
9.16668560833625
9.05521941153652
9.04626010496372
9.03157247020624
9.11535030276108
9.12589938856734
9.100829680994
9.14124615458417
9.10613853812677
9.10836290836422
9.08677575549827
9.10256078741444
9.19823934090711
9.15887550000869
9.15672950956511
9.06783004629922
9.1195969928816
9.03084761249194
9.07057160169933
9.08768145416915
9.10582559562823
9.07905894830038
9.18802877248572
9.10851092107933
9.09796661691912
9.13988990014379
9.09486430696953
9.11260604657911
9.10613180926509
9.09448982830211
9.10490345652859
9.1530381596805
9.06929707937621
9.12290380432673
9.16632696657429
9.08975698840033
9.14222648571055
9.15629982567181
9.13401453463625
9.11289840820418
9.13455387577692
9.07394254266858
9.10661254105394
9.13617335915852
9.11183745020267
9.04553413349089
9.02849071038121
9.1105674577203
9.10336614098623
9.11417587465759
9.11732299260797
9.1213214235896
9.09076689757584
9.22466459355763
9.09694700105944
9.19605984824692
9.1500635172747
9.06188631556918
9.1280930987229
9.08495089735761
9.16445167548593
9.14626222567555
9.11207767324594
9.12057505912423
9.07577322971455
9.12457815052416
9.20241314980117
9.16940597351241
9.09445915449831
9.13675838982579
